# X Y Z Type Pitch Yaw signal_id
0.2017755  0.1947045  0     0 0.0 0             2
0.1947045  0.2017755  0     0 0.0 1.57079632679 2
0.1947045  -0.2017755 0     0 0.0 -1.57079632679 0
0.2017755  -0.1947045 0     0 0.0 0             0
-0.1947045 0.2017755  0     0 0.0 1.57079632679 1
-0.2017755 0.1947045  0     0 0.0 3.14159265359 1
-0.2017755 -0.1947045 0     0 0.0 -3.14159265359 3
-0.1947045 -0.2017755 0     0 0.0 -1.57079632679 3
0.01       0          0.125 1 0.0 0             4
-0.005     0.00866025 0.125 1 0.0 2.09439510239 4
-0.005     -0.00866025 0.125 1 0.0 -2.09439510239 4
