image_width: 720
image_height: 480
camera_name: mobius
camera_matrix:
  rows: 3
  cols: 3
  data: [504.310809, 0.0, 377.542220, 0.0, 503.665754, 274.577366, 0.0, 0.0, 1.0]
distortion_model: plumb_bob
distortion_coefficients:
  rows: 1
  cols: 5
  data: [0.0448, 0.0686053, -0.072277, 0.027011955, 0.0]
rectification_matrix:
  rows: 3
  cols: 3
  data: [1, 0, 0, 0, 1, 0, 0, 0, 1]
projection_matrix:
  rows: 3
  cols: 4
  data: [1, 0, 0, 0, 0, 1, 0, 0, 0, 0, 1, 0]
