image_width: 1280
image_height: 720
camera_name: mobius
camera_matrix:
  rows: 3
  cols: 3
  data: [1107.6160762785566, 0, 632.48266385632019, 0, 1107.3567062825502, 317.79353662516013, 0, 0, 1]
distortion_model: plumb_bob
distortion_coefficients:
  rows: 1
  cols: 5
  data: [0.38456419741428649, 0.22682988616601898, -0.00030113687455135237, 0.00018768010994024782, -0.10262501137410977]
rectification_matrix:
  rows: 3
  cols: 3
  data: [1, 0, 0, 0, 1, 0, 0, 0, 1]
projection_matrix:
  rows: 3
  cols: 4
  data: [1, 0, 0, 0, 0, 1, 0, 0, 0, 0, 1, 0]
